STYLE;COLOUR;BOX;SIZES;ASSORTMENT;BAR CODE;PROVIDER;
GOAL                ;EXP       ;KR ;36 37 38 39 40 41                       ;1 1 2 2 1 1 008                         ;017460333276032980230KR ;995       ;
GOAL                ;EXP       ;KR ;36 37 38 39 40 41                       ;1 1 2 2 1 1 008                         ;017460333276032980230KR ;995       ;
GOAL                ;EXP       ;KR ;36 37 38 39 40 41                       ;1 1 2 2 1 1 008                         ;017460333276032980230KR ;995       ;
GOAL                ;EXP       ;KR ;36 37 38 39 40 41                       ;1 1 2 2 1 1 008                         ;017460333276032980230KR ;995       ;
GOAL                ;EXP       ;KR ;36 37 38 39 40 41                       ;1 1 2 2 1 1 008                         ;017460333276032980230KR ;995       ;
GOAL                ;EXP       ;KR ;36 37 38 39 40 41                       ;1 1 2 2 1 1 008                         ;017460333276032980230KR ;995       ;
GOAL                ;EXP       ;KR ;36 37 38 39 40 41                       ;1 1 2 2 1 1 008                         ;017460333276032980230KR ;995       ;
GOAL                ;EXP       ;KR ;36 37 38 39 40 41                       ;1 1 2 2 1 1 008                         ;017460333276032980230KR ;995       ;
GOAL                ;EXP       ;KR ;36 37 38 39 40 41                       ;1 1 2 2 1 1 008                         ;017460333276032980230KR ;995       ;
GOAL                ;EXP       ;KR ;36 37 38 39 40 41                       ;1 1 2 2 1 1 008                         ;017460333276032980230KR ;995       ;
GOAL                ;EXP       ;KR ;36 37 38 39 40 41                       ;1 1 2 2 1 1 008                         ;017460333276032980230KR ;995       ;
GOAL                ;EXP       ;KR ;36 37 38 39 40 41                       ;1 1 2 2 1 1 008                         ;017460333276032980230KR ;995       ;
GOAL                ;MOC       ;KR ;36 37 38 39 40 41                       ;1 1 2 2 1 1 008                         ;017460333276034010210KR ;995       ;
GOAL                ;MOC       ;KR ;36 37 38 39 40 41                       ;1 1 2 2 1 1 008                         ;017460333276034010210KR ;995       ;
GOAL                ;MOC       ;KR ;36 37 38 39 40 41                       ;1 1 2 2 1 1 008                         ;017460333276034010210KR ;995       ;
GOAL                ;MOC       ;KR ;36 37 38 39 40 41                       ;1 1 2 2 1 1 008                         ;017460333276034010210KR ;995       ;
GOAL                ;MOC       ;KR ;36 37 38 39 40 41                       ;1 1 2 2 1 1 008                         ;017460333276034010210KR ;995       ;
GOAL                ;MOC       ;KR ;36 37 38 39 40 41                       ;1 1 2 2 1 1 008                         ;017460333276034010210KR ;995       ;
GOAL                ;MOC       ;KR ;36 37 38 39 40 41                       ;1 1 2 2 1 1 008                         ;017460333276034010210KR ;995       ;
GOAL                ;MOC       ;KR ;36 37 38 39 40 41                       ;1 1 2 2 1 1 008                         ;017460333276034010210KR ;995       ;
GOAL                ;MOC       ;KR ;36 37 38 39 40 41                       ;1 1 2 2 1 1 008                         ;017460333276034010210KR ;995       ;
GOAL                ;MOC       ;KR ;36 37 38 39 40 41                       ;1 1 2 2 1 1 008                         ;017460333276034010210KR ;995       ;
GOAL                ;MOC       ;KR ;36 37 38 39 40 41                       ;1 1 2 2 1 1 008                         ;017460333276034010210KR ;995       ;
GOAL                ;MOC       ;KR ;36 37 38 39 40 41                       ;1 1 2 2 1 1 008                         ;017460333276034010210KR ;995       ;
2003                ;BGE       ;KR ;36 37 38 39 40 41                       ;1 1 2 2 1 1 008                         ;017460333276034250100KR ;995       ;
2003                ;BGE       ;KR ;36 37 38 39 40 41                       ;1 1 2 2 1 1 008                         ;017460333276034250100KR ;995       ;
2003                ;BGE       ;KR ;36 37 38 39 40 41                       ;1 1 2 2 1 1 008                         ;017460333276034250100KR ;995       ;
2003                ;BGE       ;KR ;36 37 38 39 40 41                       ;1 1 2 2 1 1 008                         ;017460333276034250100KR ;995       ;
2003                ;BGE       ;KR ;36 37 38 39 40 41                       ;1 1 2 2 1 1 008                         ;017460333276034250100KR ;995       ;
2003                ;BGE       ;KR ;36 37 38 39 40 41                       ;1 1 2 2 1 1 008                         ;017460333276034250100KR ;995       ;
2003                ;BGE       ;KR ;36 37 38 39 40 41                       ;1 1 2 2 1 1 008                         ;017460333276034250100KR ;995       ;
2003                ;BGE       ;KR ;36 37 38 39 40 41                       ;1 1 2 2 1 1 008                         ;017460333276034250100KR ;995       ;
2003                ;BGE       ;KR ;36 37 38 39 40 41                       ;1 1 2 2 1 1 008                         ;017460333276034250100KR ;995       ;
2003                ;BGE       ;KR ;36 37 38 39 40 41                       ;1 1 2 2 1 1 008                         ;017460333276034250100KR ;995       ;
2003                ;BGE       ;KR ;36 37 38 39 40 41                       ;1 1 2 2 1 1 008                         ;017460333276034250100KR ;995       ;
2003                ;BGE       ;KR ;36 37 38 39 40 41                       ;1 1 2 2 1 1 008                         ;017460333276034250100KR ;995       ;
2003                ;DBR       ;KR ;36 37 38 39 40 41                       ;1 1 2 2 1 1 008                         ;017460333276034250201KR ;995       ;
2003                ;DBR       ;KR ;36 37 38 39 40 41                       ;1 1 2 2 1 1 008                         ;017460333276034250201KR ;995       ;
2003                ;DBR       ;KR ;36 37 38 39 40 41                       ;1 1 2 2 1 1 008                         ;017460333276034250201KR ;995       ;
2003                ;DBR       ;KR ;36 37 38 39 40 41                       ;1 1 2 2 1 1 008                         ;017460333276034250201KR ;995       ;
2003                ;DBR       ;KR ;36 37 38 39 40 41                       ;1 1 2 2 1 1 008                         ;017460333276034250201KR ;995       ;
2003                ;DBR       ;KR ;36 37 38 39 40 41                       ;1 1 2 2 1 1 008                         ;017460333276034250201KR ;995       ;
2003                ;DBR       ;KR ;36 37 38 39 40 41                       ;1 1 2 2 1 1 008                         ;017460333276034250201KR ;995       ;
2003                ;DBR       ;KR ;36 37 38 39 40 41                       ;1 1 2 2 1 1 008                         ;017460333276034250201KR ;995       ;
2003                ;DBR       ;KR ;36 37 38 39 40 41                       ;1 1 2 2 1 1 008                         ;017460333276034250201KR ;995       ;
2003                ;DBR       ;KR ;36 37 38 39 40 41                       ;1 1 2 2 1 1 008                         ;017460333276034250201KR ;995       ;
2003                ;DBR       ;KR ;36 37 38 39 40 41                       ;1 1 2 2 1 1 008                         ;017460333276034250201KR ;995       ;
2003                ;DBR       ;KR ;36 37 38 39 40 41                       ;1 1 2 2 1 1 008                         ;017460333276034250201KR ;995       ;
2003                ;DBR       ;KR ;36 37 38 39 40 41                       ;1 1 2 2 1 1 008                         ;017460333276034250201KR ;995       ;
2003                ;DBR       ;KR ;36 37 38 39 40 41                       ;1 1 2 2 1 1 008                         ;017460333276034250201KR ;995       ;
SMOKE               ;BGE       ;KR ;36 37 38 39 40 41                       ;1 1 2 2 1 1 008                         ;017460333276034510100KR ;995       ;
SMOKE               ;BGE       ;KR ;36 37 38 39 40 41                       ;1 1 2 2 1 1 008                         ;017460333276034510100KR ;995       ;
SMOKE               ;BGE       ;KR ;36 37 38 39 40 41                       ;1 1 2 2 1 1 008                         ;017460333276034510100KR ;995       ;
SMOKE               ;BGE       ;KR ;36 37 38 39 40 41                       ;1 1 2 2 1 1 008                         ;017460333276034510100KR ;995       ;
SMOKE               ;BGE       ;KR ;36 37 38 39 40 41                       ;1 1 2 2 1 1 008                         ;017460333276034510100KR ;995       ;
SMOKE               ;BGE       ;KR ;36 37 38 39 40 41                       ;1 1 2 2 1 1 008                         ;017460333276034510100KR ;995       ;
SMOKE               ;BGE       ;KR ;36 37 38 39 40 41                       ;1 1 2 2 1 1 008                         ;017460333276034510100KR ;995       ;
SMOKE               ;BGE       ;KR ;36 37 38 39 40 41                       ;1 1 2 2 1 1 008                         ;017460333276034510100KR ;995       ;
SMOKE               ;BGE       ;KR ;36 37 38 39 40 41                       ;1 1 2 2 1 1 008                         ;017460333276034510100KR ;995       ;
SMOKE               ;BGE       ;KR ;36 37 38 39 40 41                       ;1 1 2 2 1 1 008                         ;017460333276034510100KR ;995       ;
SMOKE               ;BGE       ;KR ;36 37 38 39 40 41                       ;1 1 2 2 1 1 008                         ;017460333276034510100KR ;995       ;
SMOKE               ;BGE       ;KR ;36 37 38 39 40 41                       ;1 1 2 2 1 1 008                         ;017460333276034510100KR ;995       ;
SMOKE               ;BGE       ;KR ;36 37 38 39 40 41                       ;1 1 2 2 1 1 008                         ;017460333276034510100KR ;995       ;
SMOKE               ;BGE       ;KR ;36 37 38 39 40 41                       ;1 1 2 2 1 1 008                         ;017460333276034510100KR ;995       ;
SMOKE               ;PNK       ;KR ;36 37 38 39 40 41                       ;1 1 2 2 1 1 008                         ;017460333276034510810KR ;995       ;
SMOKE               ;PNK       ;KR ;36 37 38 39 40 41                       ;1 1 2 2 1 1 008                         ;017460333276034510810KR ;995       ;
SMOKE               ;PNK       ;KR ;36 37 38 39 40 41                       ;1 1 2 2 1 1 008                         ;017460333276034510810KR ;995       ;
SMOKE               ;PNK       ;KR ;36 37 38 39 40 41                       ;1 1 2 2 1 1 008                         ;017460333276034510810KR ;995       ;
SMOKE               ;PNK       ;KR ;36 37 38 39 40 41                       ;1 1 2 2 1 1 008                         ;017460333276034510810KR ;995       ;
SMOKE               ;PNK       ;KR ;36 37 38 39 40 41                       ;1 1 2 2 1 1 008                         ;017460333276034510810KR ;995       ;
SMOKE               ;PNK       ;KR ;36 37 38 39 40 41                       ;1 1 2 2 1 1 008                         ;017460333276034510810KR ;995       ;
SMOKE               ;PNK       ;KR ;36 37 38 39 40 41                       ;1 1 2 2 1 1 008                         ;017460333276034510810KR ;995       ;
SMOKE               ;PNK       ;KR ;36 37 38 39 40 41                       ;1 1 2 2 1 1 008                         ;017460333276034510810KR ;995       ;
SMOKE               ;PNK       ;KR ;36 37 38 39 40 41                       ;1 1 2 2 1 1 008                         ;017460333276034510810KR ;995       ;
SMOKE               ;PNK       ;KR ;36 37 38 39 40 41                       ;1 1 2 2 1 1 008                         ;017460333276034510810KR ;995       ;
SMOKE               ;PNK       ;KR ;36 37 38 39 40 41                       ;1 1 2 2 1 1 008                         ;017460333276034510810KR ;995       ;
SMOKE               ;PNK       ;KR ;36 37 38 39 40 41                       ;1 1 2 2 1 1 008                         ;017460333276034510810KR ;995       ;
SMOKE               ;PNK       ;KR ;36 37 38 39 40 41                       ;1 1 2 2 1 1 008                         ;017460333276034510810KR ;995       ;
GOAL                ;JEA       ;KR ;36 37 38 39 40 41                       ;1 1 2 2 1 1 008                         ;017460333276049310440KR ;995       ;
GOAL                ;JEA       ;KR ;36 37 38 39 40 41                       ;1 1 2 2 1 1 008                         ;017460333276049310440KR ;995       ;
GOAL                ;JEA       ;KR ;36 37 38 39 40 41                       ;1 1 2 2 1 1 008                         ;017460333276049310440KR ;995       ;
GOAL                ;JEA       ;KR ;36 37 38 39 40 41                       ;1 1 2 2 1 1 008                         ;017460333276049310440KR ;995       ;
GOAL                ;JEA       ;KR ;36 37 38 39 40 41                       ;1 1 2 2 1 1 008                         ;017460333276049310440KR ;995       ;
GOAL                ;JEA       ;KR ;36 37 38 39 40 41                       ;1 1 2 2 1 1 008                         ;017460333276049310440KR ;995       ;
GOAL                ;JEA       ;KR ;36 37 38 39 40 41                       ;1 1 2 2 1 1 008                         ;017460333276049310440KR ;995       ;
GOAL                ;JEA       ;KR ;36 37 38 39 40 41                       ;1 1 2 2 1 1 008                         ;017460333276049310440KR ;995       ;
GOAL                ;JEA       ;KR ;36 37 38 39 40 41                       ;1 1 2 2 1 1 008                         ;017460333276049310440KR ;995       ;
GOAL                ;JEA       ;KR ;36 37 38 39 40 41                       ;1 1 2 2 1 1 008                         ;017460333276049310440KR ;995       ;
GOAL                ;JEA       ;KR ;36 37 38 39 40 41                       ;1 1 2 2 1 1 008                         ;017460333276049310440KR ;995       ;
GOAL                ;JEA       ;KR ;36 37 38 39 40 41                       ;1 1 2 2 1 1 008                         ;017460333276049310440KR ;995       ;
GOAL                ;JEA       ;KR ;36 37 38 39 40 41                       ;1 1 2 2 1 1 008                         ;017460333276049310440KR ;995       ;
GOAL                ;JEA       ;KR ;36 37 38 39 40 41                       ;1 1 2 2 1 1 008                         ;017460333276049310440KR ;995       ;
GOAL                ;JEA       ;KR ;36 37 38 39 40 41                       ;1 1 2 2 1 1 008                         ;017460333276049310440KR ;995       ;
GOAL                ;FRS       ;KR ;36 37 38 39 40 41                       ;1 1 2 2 1 1 008                         ;017460333276049310981KR ;995       ;
GOAL                ;FRS       ;KR ;36 37 38 39 40 41                       ;1 1 2 2 1 1 008                         ;017460333276049310981KR ;995       ;
GOAL                ;FRS       ;KR ;36 37 38 39 40 41                       ;1 1 2 2 1 1 008                         ;017460333276049310981KR ;995       ;
GOAL                ;FRS       ;KR ;36 37 38 39 40 41                       ;1 1 2 2 1 1 008                         ;017460333276049310981KR ;995       ;
GOAL                ;FRS       ;KR ;36 37 38 39 40 41                       ;1 1 2 2 1 1 008                         ;017460333276049310981KR ;995       ;
GOAL                ;FRS       ;KR ;36 37 38 39 40 41                       ;1 1 2 2 1 1 008                         ;017460333276049310981KR ;995       ;
GOAL                ;FRS       ;KR ;36 37 38 39 40 41                       ;1 1 2 2 1 1 008                         ;017460333276049310981KR ;995       ;
GOAL                ;FRS       ;KR ;36 37 38 39 40 41                       ;1 1 2 2 1 1 008                         ;017460333276049310981KR ;995       ;
GOAL                ;FRS       ;KR ;36 37 38 39 40 41                       ;1 1 2 2 1 1 008                         ;017460333276049310981KR ;995       ;
GOAL                ;FRS       ;KR ;36 37 38 39 40 41                       ;1 1 2 2 1 1 008                         ;017460333276049310981KR ;995       ;
GOAL                ;FRS       ;KR ;36 37 38 39 40 41                       ;1 1 2 2 1 1 008                         ;017460333276049310981KR ;995       ;
GOAL                ;FRS       ;KR ;36 37 38 39 40 41                       ;1 1 2 2 1 1 008                         ;017460333276049310981KR ;995       ;
GOAL                ;FRS       ;KR ;36 37 38 39 40 41                       ;1 1 2 2 1 1 008                         ;017460333276049310981KR ;995       ;
GOAL                ;FRS       ;KR ;36 37 38 39 40 41                       ;1 1 2 2 1 1 008                         ;017460333276049310981KR ;995       ;
GOAL                ;FRS       ;KR ;36 37 38 39 40 41                       ;1 1 2 2 1 1 008                         ;017460333276049310981KR ;995       ;
GOAL                ;FRS       ;KR ;36 37 38 39 40 41                       ;1 1 2 2 1 1 008                         ;017460333276049310981KR ;995       ;
GOAL                ;FRS       ;KR ;36 37 38 39 40 41                       ;1 1 2 2 1 1 008                         ;017460333276049310981KR ;995       ;
GOAL                ;FRS       ;KR ;36 37 38 39 40 41                       ;1 1 2 2 1 1 008                         ;017460333276049310981KR ;995       ;
GOAL                ;FRS       ;KR ;36 37 38 39 40 41                       ;1 1 2 2 1 1 008                         ;017460333276049310981KR ;995       ;
GOAL                ;FRS       ;KR ;36 37 38 39 40 41                       ;1 1 2 2 1 1 008                         ;017460333276049310981KR ;995       ;
2003                ;GRN       ;Z  ;40 41 42 43 44 45                       ;1 2 3 3 2 1 012                         ;017460333286038100600Z  ;995       ;
2003                ;GRN       ;Z  ;40 41 42 43 44 45                       ;1 2 3 3 2 1 012                         ;017460333286038100600Z  ;995       ;
2003                ;GRN       ;Z  ;40 41 42 43 44 45                       ;1 2 3 3 2 1 012                         ;017460333286038100600Z  ;995       ;
2003                ;GRN       ;Z  ;40 41 42 43 44 45                       ;1 2 3 3 2 1 012                         ;017460333286038100600Z  ;995       ;
2003                ;GRN       ;Z01;41 42 43 44                             ;2 3 3 2 010                             ;017460333286038100600Z01;995       ;
2003                ;GRN       ;Z01;41 42 43 44                             ;2 3 3 2 010                             ;017460333286038100600Z01;995       ;
2003                ;GRN       ;Z01;41 42 43 44                             ;2 3 3 2 010                             ;017460333286038100600Z01;995       ;
2003                ;GRN       ;Z01;41 42 43 44                             ;2 3 3 2 010                             ;017460333286038100600Z01;995       ;
2003                ;GRN       ;Z01;41 42 43 44                             ;2 3 3 2 010                             ;017460333286038100600Z01;995       ;
2003                ;GRN       ;Z01;41 42 43 44                             ;2 3 3 2 010                             ;017460333286038100600Z01;995       ;
2003                ;SLV       ;Z  ;40 41 42 43 44 45                       ;1 2 3 3 2 1 012                         ;017460333286038100910Z  ;995       ;
2003                ;SLV       ;Z  ;40 41 42 43 44 45                       ;1 2 3 3 2 1 012                         ;017460333286038100910Z  ;995       ;
2003                ;SLV       ;Z  ;40 41 42 43 44 45                       ;1 2 3 3 2 1 012                         ;017460333286038100910Z  ;995       ;
2003                ;SLV       ;Z  ;40 41 42 43 44 45                       ;1 2 3 3 2 1 012                         ;017460333286038100910Z  ;995       ;
2003                ;SLV       ;S46;46                                      ;1 001                                   ;017460333286038100910S46;995       ;
2003                ;SLV       ;S46;46                                      ;1 001                                   ;017460333286038100910S46;995       ;
2003                ;SLV       ;S46;46                                      ;1 001                                   ;017460333286038100910S46;995       ;
2003                ;SLV       ;S46;46                                      ;1 001                                   ;017460333286038100910S46;995       ;
2003                ;SLV       ;Z01;41 42 43 44                             ;2 3 3 2 010                             ;017460333286038100910Z01;995       ;
2003                ;SLV       ;Z01;41 42 43 44                             ;2 3 3 2 010                             ;017460333286038100910Z01;995       ;
2003                ;SLV       ;Z01;41 42 43 44                             ;2 3 3 2 010                             ;017460333286038100910Z01;995       ;
2003                ;SLV       ;Z01;41 42 43 44                             ;2 3 3 2 010                             ;017460333286038100910Z01;995       ;
2003                ;SLV       ;Z01;41 42 43 44                             ;2 3 3 2 010                             ;017460333286038100910Z01;995       ;
2003                ;SLV       ;Z01;41 42 43 44                             ;2 3 3 2 010                             ;017460333286038100910Z01;995       ;
2003                ;SLV       ;Z01;41 42 43 44                             ;2 3 3 2 010                             ;017460333286038100910Z01;995       ;
2003                ;SLV       ;Z01;41 42 43 44                             ;2 3 3 2 010                             ;017460333286038100910Z01;995       ;
